1 5
2 5
3 5
4 5
5 6
6 6
7 6
8 6
9 1
10 6
11 5
12 5
13 5
14 5
15 5
16 3
17 6
18 6
19 6
20 6
21 3
22 3
23 3
24 4
25 4
26 4
27 4
28 4
29 4
30 3
31 4
32 4
33 4
34 4
35 4
36 4
37 4
38 2
39 3
40 4
41 2
42 2
43 2
44 2
45 2
46 2
47 2
48 3
49 2
50 2
51 2
52 2
53 2
54 2
55 1
56 1
57 1
58 1
59 1
60 3
61 3
62 6
63 2
64 3
65 3
66 1
67 1
68 3
69 3
70 1
71 1
72 3
73 1
74 3
75 3
76 6
77 1
78 2
79 1
80 1
81 1
82 1
83 1
84 2
85 1
86 4
87 1
88 4
89 2
90 2
91 3
92 3
93 4
94 1
95 4
96 4
97 2
98 2
99 2
100 4
101 3
102 2
103 4
104 4
105 4
106 4
107 2
108 4
109 3
110 6
111 4
112 5
113 4
114 4
115 4
116 4
117 4
118 3
119 4
120 4
121 5
122 5
123 5
124 5
125 5
126 3
127 5
128 5
129 5
130 5
131 5
132 5
133 5
134 5
135 5
136 5
137 4
