1 5
2 5
3 5
4 5
5 19
6 19
7 19
8 19
9 8
10 19
11 5
12 5
13 5
14 5
15 7
16 16
17 19
18 19
19 19
20 16
21 16
22 16
23 16
24 9
25 10
26 10
27 10
28 10
29 10
30 16
31 10
32 10
33 17
34 2
35 2
36 2
37 2
38 17
39 16
40 2
41 12
42 12
43 12
44 12
45 12
46 14
47 14
48 16
49 13
50 13
51 13
52 13
53 13
54 13
55 8
56 8
57 8
58 15
59 15
60 18
61 18
62 19
63 8
64 18
65 18
66 15
67 15
68 16
69 16
70 15
71 15
72 18
73 15
74 16
75 16
76 19
77 15
78 8
79 8
80 15
81 8
82 8
83 18
84 11
85 18
86 1
87 18
88 10
89 11
90 14
91 14
92 1
93 1
94 8
95 9
96 9
97 14
98 11
99 11
100 1
101 14
102 17
103 17
104 17
105 17
106 17
107 12
108 11
109 14
110 19
111 9
112 6
113 10
114 6
115 4
116 4
117 4
118 14
119 4
120 4
121 7
122 7
123 7
124 7
125 7
126 14
127 7
128 3
129 3
130 3
131 3
132 3
133 3
134 3
135 3
136 5
137 4
