1 7
2 7
3 7
4 7
5 3
6 3
7 3
8 3
9 1
10 3
11 7
12 7
13 7
14 7
15 7
16 6
17 3
18 3
19 3
20 3
21 6
22 6
23 6
24 5
25 2
26 2
27 2
28 2
29 2
30 6
31 2
32 2
33 2
34 2
35 2
36 2
37 2
38 4
39 6
40 2
41 4
42 4
43 4
44 4
45 4
46 4
47 4
48 6
49 4
50 4
51 4
52 4
53 4
54 4
55 1
56 1
57 1
58 1
59 1
60 6
61 6
62 3
63 1
64 6
65 6
66 1
67 1
68 6
69 6
70 1
71 1
72 6
73 1
74 6
75 6
76 3
77 1
78 1
79 1
80 1
81 1
82 1
83 1
84 4
85 1
86 5
87 1
88 2
89 4
90 4
91 6
92 5
93 5
94 1
95 5
96 5
97 4
98 4
99 4
100 5
101 6
102 4
103 4
104 4
105 2
106 2
107 4
108 4
109 6
110 3
111 5
112 5
113 2
114 5
115 2
116 2
117 2
118 6
119 5
120 2
121 7
122 7
123 7
124 7
125 7
126 6
127 7
128 7
129 7
130 7
131 7
132 7
133 7
134 7
135 7
136 7
137 5
