1 3
2 3
3 3
4 3
5 11
6 11
7 11
8 11
9 7
10 11
11 3
12 3
13 3
14 3
15 3
16 14
17 11
18 8
19 8
20 8
21 8
22 8
23 14
24 2
25 12
26 12
27 12
28 12
29 12
30 8
31 12
32 12
33 4
34 9
35 9
36 9
37 9
38 4
39 8
40 9
41 5
42 15
43 15
44 15
45 15
46 15
47 15
48 8
49 5
50 5
51 5
52 5
53 5
54 5
55 7
56 7
57 7
58 13
59 13
60 10
61 10
62 11
63 7
64 10
65 10
66 13
67 13
68 10
69 8
70 13
71 13
72 10
73 13
74 14
75 14
76 11
77 13
78 7
79 7
80 13
81 7
82 7
83 10
84 4
85 10
86 2
87 10
88 12
89 15
90 15
91 14
92 2
93 2
94 7
95 2
96 2
97 15
98 15
99 15
100 2
101 14
102 4
103 4
104 4
105 4
106 4
107 15
108 4
109 14
110 11
111 2
112 2
113 12
114 2
115 1
116 1
117 1
118 14
119 1
120 1
121 3
122 3
123 3
124 3
125 3
126 14
127 6
128 6
129 6
130 6
131 6
132 6
133 6
134 6
135 6
136 3
137 1
