1 4
2 4
3 4
4 4
5 12
6 12
7 12
8 12
9 9
10 12
11 4
12 4
13 4
14 4
15 4
16 7
17 12
18 1
19 1
20 1
21 1
22 1
23 7
24 13
25 10
26 6
27 10
28 10
29 10
30 7
31 10
32 6
33 8
34 6
35 5
36 5
37 5
38 8
39 1
40 5
41 3
42 14
43 14
44 14
45 14
46 14
47 14
48 1
49 3
50 3
51 3
52 3
53 3
54 3
55 9
56 9
57 9
58 9
59 9
60 11
61 11
62 12
63 9
64 11
65 11
66 11
67 9
68 7
69 7
70 11
71 11
72 11
73 11
74 7
75 7
76 1
77 11
78 9
79 9
80 9
81 9
82 9
83 11
84 8
85 11
86 8
87 11
88 6
89 14
90 14
91 14
92 13
93 13
94 9
95 13
96 13
97 14
98 14
99 14
100 13
101 7
102 8
103 8
104 8
105 8
106 6
107 14
108 8
109 7
110 12
111 13
112 13
113 10
114 13
115 2
116 2
117 2
118 7
119 2
120 2
121 4
122 4
123 4
124 4
125 4
126 7
127 4
128 4
129 4
130 4
131 4
132 4
133 4
134 4
135 4
136 4
137 2
