1 1
2 1
3 1
4 1
5 8
6 8
7 8
8 8
9 2
10 8
11 1
12 1
13 1
14 1
15 1
16 5
17 8
18 8
19 8
20 8
21 7
22 7
23 5
24 10
25 3
26 4
27 4
28 4
29 4
30 7
31 4
32 4
33 6
34 4
35 4
36 4
37 4
38 6
39 7
40 4
41 9
42 9
43 9
44 9
45 9
46 5
47 5
48 7
49 9
50 9
51 9
52 9
53 9
54 9
55 2
56 2
57 2
58 2
59 2
60 7
61 7
62 8
63 2
64 7
65 7
66 2
67 2
68 7
69 7
70 2
71 7
72 7
73 2
74 5
75 5
76 8
77 2
78 2
79 2
80 2
81 2
82 2
83 7
84 6
85 7
86 6
87 7
88 3
89 6
90 5
91 5
92 10
93 10
94 2
95 10
96 10
97 5
98 6
99 6
100 10
101 5
102 6
103 6
104 6
105 6
106 4
107 9
108 6
109 5
110 8
111 10
112 10
113 4
114 10
115 3
116 3
117 3
118 5
119 3
120 3
121 1
122 1
123 1
124 1
125 1
126 5
127 1
128 1
129 1
130 1
131 1
132 1
133 1
134 1
135 1
136 1
137 3
