1 5
2 5
3 5
4 5
5 4
6 4
7 4
8 4
9 8
10 4
11 5
12 5
13 5
14 5
15 5
16 3
17 4
18 9
19 9
20 9
21 9
22 9
23 9
24 2
25 1
26 1
27 1
28 1
29 1
30 9
31 1
32 1
33 1
34 1
35 1
36 1
37 1
38 6
39 9
40 1
41 6
42 6
43 6
44 6
45 6
46 6
47 6
48 9
49 6
50 6
51 6
52 6
53 6
54 6
55 8
56 8
57 8
58 8
59 8
60 7
61 7
62 4
63 8
64 7
65 7
66 7
67 8
68 9
69 9
70 7
71 7
72 7
73 7
74 3
75 3
76 4
77 7
78 8
79 8
80 8
81 8
82 8
83 7
84 6
85 7
86 2
87 7
88 1
89 6
90 3
91 3
92 3
93 2
94 8
95 2
96 2
97 3
98 6
99 6
100 2
101 3
102 6
103 6
104 6
105 1
106 1
107 6
108 6
109 3
110 4
111 2
112 2
113 1
114 2
115 1
116 1
117 2
118 3
119 2
120 1
121 5
122 5
123 5
124 5
125 5
126 3
127 5
128 5
129 5
130 5
131 5
132 5
133 5
134 5
135 5
136 5
137 2
