1 16
2 8
3 16
4 16
5 13
6 13
7 13
8 13
9 11
10 13
11 16
12 16
13 16
14 16
15 16
16 10
17 13
18 9
19 9
20 9
21 9
22 9
23 10
24 17
25 4
26 4
27 4
28 4
29 4
30 9
31 4
32 4
33 12
34 2
35 2
36 2
37 2
38 12
39 9
40 2
41 18
42 3
43 3
44 3
45 3
46 3
47 3
48 9
49 18
50 18
51 18
52 18
53 18
54 18
55 11
56 11
57 11
58 1
59 1
60 14
61 6
62 13
63 11
64 6
65 6
66 1
67 1
68 6
69 9
70 1
71 15
72 6
73 1
74 10
75 10
76 13
77 1
78 5
79 5
80 1
81 5
82 5
83 15
84 12
85 15
86 17
87 15
88 4
89 3
90 3
91 10
92 17
93 17
94 5
95 17
96 17
97 3
98 3
99 3
100 17
101 10
102 12
103 12
104 12
105 12
106 12
107 3
108 12
109 10
110 13
111 17
112 17
113 4
114 17
115 7
116 7
117 7
118 10
119 7
120 7
121 8
122 8
123 8
124 8
125 8
126 10
127 8
128 8
129 8
130 8
131 8
132 8
133 8
134 8
135 8
136 16
137 7
