1 6
2 10
3 6
4 6
5 11
6 11
7 11
8 7
9 3
10 11
11 6
12 6
13 6
14 6
15 6
16 4
17 11
18 7
19 7
20 7
21 12
22 12
23 12
24 8
25 5
26 13
27 13
28 13
29 13
30 12
31 13
32 13
33 2
34 13
35 13
36 13
37 13
38 2
39 12
40 13
41 9
42 9
43 9
44 9
45 9
46 4
47 4
48 7
49 9
50 9
51 9
52 9
53 9
54 9
55 3
56 3
57 3
58 3
59 1
60 12
61 12
62 11
63 3
64 12
65 12
66 1
67 1
68 12
69 12
70 1
71 1
72 12
73 1
74 4
75 4
76 7
77 1
78 3
79 3
80 1
81 3
82 3
83 1
84 2
85 1
86 2
87 1
88 5
89 2
90 4
91 4
92 8
93 8
94 3
95 8
96 8
97 4
98 2
99 2
100 8
101 4
102 2
103 2
104 2
105 2
106 13
107 9
108 2
109 4
110 7
111 8
112 8
113 13
114 8
115 5
116 5
117 5
118 4
119 5
120 5
121 10
122 10
123 10
124 10
125 10
126 4
127 10
128 10
129 10
130 10
131 10
132 10
133 10
134 10
135 10
136 6
137 5
