1 3
2 5
3 3
4 3
5 11
6 11
7 11
8 11
9 7
10 11
11 3
12 3
13 3
14 3
15 3
16 9
17 11
18 11
19 11
20 1
21 1
22 1
23 9
24 8
25 2
26 6
27 2
28 2
29 6
30 1
31 6
32 6
33 6
34 6
35 6
36 6
37 6
38 10
39 1
40 6
41 10
42 10
43 10
44 10
45 10
46 10
47 10
48 1
49 10
50 10
51 10
52 10
53 10
54 10
55 7
56 7
57 7
58 7
59 4
60 1
61 1
62 11
63 7
64 1
65 1
66 4
67 4
68 1
69 1
70 4
71 4
72 4
73 4
74 9
75 9
76 11
77 4
78 7
79 7
80 4
81 7
82 7
83 4
84 10
85 4
86 8
87 4
88 2
89 10
90 9
91 9
92 8
93 8
94 7
95 8
96 8
97 10
98 10
99 10
100 8
101 9
102 10
103 6
104 6
105 6
106 6
107 10
108 10
109 9
110 11
111 8
112 8
113 2
114 8
115 2
116 2
117 2
118 9
119 2
120 2
121 5
122 5
123 5
124 5
125 5
126 9
127 5
128 5
129 5
130 5
131 5
132 5
133 5
134 5
135 5
136 3
137 2
