1 7
2 7
3 7
4 7
5 8
6 12
7 8
8 12
9 11
10 8
11 7
12 7
13 7
14 7
15 3
16 4
17 8
18 5
19 5
20 5
21 5
22 5
23 4
24 6
25 16
26 16
27 16
28 16
29 16
30 4
31 16
32 16
33 2
34 2
35 2
36 2
37 2
38 2
39 5
40 2
41 14
42 10
43 10
44 10
45 10
46 10
47 10
48 5
49 14
50 14
51 14
52 14
53 14
54 14
55 11
56 11
57 11
58 9
59 9
60 15
61 15
62 8
63 11
64 15
65 15
66 9
67 9
68 4
69 4
70 9
71 9
72 15
73 9
74 4
75 4
76 12
77 9
78 11
79 11
80 9
81 11
82 11
83 15
84 10
85 15
86 6
87 15
88 16
89 10
90 10
91 10
92 6
93 6
94 11
95 6
96 6
97 10
98 10
99 10
100 6
101 4
102 2
103 2
104 2
105 2
106 2
107 10
108 2
109 4
110 12
111 6
112 6
113 16
114 6
115 13
116 13
117 13
118 4
119 13
120 13
121 3
122 3
123 3
124 3
125 3
126 4
127 3
128 1
129 1
130 1
131 1
132 1
133 1
134 1
135 1
136 7
137 13
