1 1
2 1
3 1
4 1
5 1
6 1
7 1
8 1
9 2
10 1
11 1
12 1
13 1
14 1
15 1
16 2
17 1
18 2
19 2
20 2
21 2
22 2
23 2
24 3
25 3
26 3
27 3
28 3
29 3
30 2
31 3
32 3
33 3
34 3
35 3
36 3
37 3
38 3
39 2
40 3
41 3
42 3
43 2
44 3
45 2
46 2
47 2
48 2
49 3
50 3
51 3
52 3
53 3
54 3
55 2
56 2
57 2
58 2
59 2
60 2
61 2
62 1
63 2
64 2
65 2
66 2
67 2
68 2
69 2
70 2
71 2
72 2
73 2
74 2
75 2
76 2
77 2
78 2
79 2
80 2
81 2
82 2
83 2
84 3
85 2
86 3
87 2
88 3
89 3
90 2
91 2
92 3
93 3
94 2
95 3
96 3
97 2
98 3
99 3
100 3
101 2
102 3
103 3
104 3
105 3
106 3
107 3
108 3
109 2
110 2
111 3
112 1
113 3
114 3
115 3
116 3
117 3
118 2
119 3
120 3
121 1
122 1
123 1
124 1
125 1
126 2
127 1
128 1
129 1
130 1
131 1
132 1
133 1
134 1
135 1
136 1
137 3
