1 7
2 7
3 7
4 7
5 13
6 13
7 13
8 13
9 5
10 13
11 7
12 7
13 7
14 7
15 14
16 16
17 13
18 13
19 13
20 15
21 15
22 15
23 16
24 10
25 3
26 3
27 3
28 3
29 3
30 15
31 3
32 3
33 8
34 11
35 11
36 11
37 11
38 8
39 15
40 11
41 2
42 17
43 17
44 17
45 17
46 17
47 17
48 15
49 2
50 2
51 2
52 2
53 2
54 2
55 5
56 5
57 5
58 4
59 4
60 6
61 15
62 13
63 5
64 15
65 15
66 4
67 4
68 15
69 15
70 4
71 6
72 15
73 4
74 16
75 16
76 13
77 4
78 5
79 5
80 4
81 5
82 5
83 6
84 8
85 6
86 10
87 6
88 3
89 17
90 17
91 16
92 10
93 10
94 5
95 10
96 10
97 17
98 17
99 17
100 10
101 16
102 8
103 8
104 8
105 8
106 8
107 17
108 8
109 16
110 13
111 1
112 1
113 3
114 1
115 12
116 12
117 12
118 16
119 12
120 12
121 14
122 14
123 14
124 14
125 14
126 16
127 14
128 9
129 9
130 9
131 9
132 9
133 9
134 9
135 9
136 7
137 12
