1 3
2 3
3 3
4 3
5 11
6 11
7 11
8 2
9 7
10 11
11 3
12 3
13 3
14 3
15 5
16 8
17 11
18 2
19 2
20 2
21 19
22 19
23 8
24 9
25 15
26 15
27 15
28 15
29 15
30 19
31 15
32 15
33 14
34 10
35 10
36 10
37 10
38 14
39 19
40 10
41 6
42 6
43 6
44 6
45 6
46 18
47 18
48 2
49 4
50 4
51 4
52 4
53 4
54 4
55 7
56 7
57 7
58 1
59 1
60 20
61 19
62 11
63 7
64 19
65 19
66 1
67 1
68 19
69 19
70 1
71 12
72 19
73 1
74 8
75 8
76 2
77 1
78 7
79 7
80 1
81 7
82 7
83 12
84 14
85 12
86 9
87 12
88 15
89 18
90 18
91 18
92 9
93 9
94 7
95 9
96 9
97 18
98 18
99 18
100 9
101 8
102 14
103 14
104 14
105 14
106 14
107 6
108 14
109 8
110 2
111 16
112 16
113 15
114 16
115 13
116 13
117 13
118 8
119 13
120 13
121 5
122 5
123 5
124 5
125 5
126 8
127 5
128 17
129 17
130 17
131 17
132 17
133 17
134 17
135 17
136 3
137 13
