1 9
2 9
3 9
4 9
5 2
6 2
7 2
8 2
9 4
10 2
11 9
12 9
13 9
14 9
15 1
16 6
17 2
18 2
19 2
20 6
21 6
22 6
23 6
24 12
25 10
26 10
27 10
28 10
29 10
30 6
31 10
32 10
33 5
34 5
35 5
36 5
37 5
38 5
39 6
40 5
41 7
42 7
43 7
44 7
45 7
46 7
47 7
48 6
49 7
50 5
51 7
52 7
53 7
54 7
55 4
56 4
57 4
58 4
59 4
60 6
61 6
62 2
63 7
64 6
65 6
66 4
67 4
68 6
69 6
70 4
71 4
72 6
73 4
74 6
75 6
76 2
77 4
78 7
79 4
80 4
81 4
82 4
83 4
84 12
85 4
86 12
87 4
88 10
89 12
90 12
91 12
92 12
93 12
94 4
95 12
96 12
97 12
98 12
99 12
100 12
101 6
102 5
103 5
104 5
105 5
106 5
107 7
108 12
109 6
110 2
111 3
112 8
113 10
114 3
115 3
116 10
117 3
118 6
119 3
120 3
121 1
122 1
123 1
124 1
125 1
126 6
127 8
128 8
129 8
130 8
131 11
132 11
133 11
134 8
135 11
136 9
137 3
