1 5
2 5
3 5
4 5
5 4
6 4
7 4
8 4
9 1
10 4
11 5
12 5
13 5
14 5
15 5
16 4
17 4
18 4
19 4
20 4
21 4
22 4
23 4
24 3
25 3
26 3
27 3
28 3
29 3
30 4
31 3
32 3
33 3
34 3
35 3
36 3
37 3
38 2
39 4
40 3
41 2
42 2
43 2
44 2
45 2
46 2
47 2
48 4
49 2
50 2
51 2
52 2
53 2
54 2
55 1
56 1
57 1
58 1
59 1
60 1
61 1
62 4
63 1
64 1
65 1
66 1
67 1
68 1
69 4
70 1
71 1
72 1
73 1
74 4
75 4
76 4
77 1
78 1
79 1
80 1
81 1
82 1
83 1
84 2
85 1
86 2
87 1
88 3
89 2
90 2
91 2
92 2
93 2
94 1
95 3
96 3
97 2
98 2
99 2
100 2
101 1
102 2
103 2
104 2
105 3
106 3
107 2
108 2
109 1
110 4
111 3
112 5
113 3
114 3
115 3
116 3
117 3
118 1
119 3
120 3
121 5
122 5
123 5
124 5
125 5
126 1
127 5
128 5
129 5
130 5
131 5
132 5
133 5
134 5
135 5
136 5
137 3
