1 8
2 8
3 8
4 8
5 1
6 1
7 1
8 4
9 3
10 1
11 8
12 8
13 8
14 8
15 8
16 5
17 1
18 4
19 4
20 4
21 5
22 5
23 5
24 6
25 2
26 2
27 2
28 2
29 2
30 5
31 2
32 2
33 7
34 7
35 7
36 7
37 7
38 7
39 5
40 7
41 7
42 6
43 6
44 6
45 6
46 6
47 6
48 4
49 7
50 7
51 7
52 7
53 7
54 7
55 3
56 3
57 3
58 3
59 3
60 5
61 5
62 1
63 3
64 5
65 5
66 3
67 3
68 5
69 5
70 3
71 3
72 5
73 3
74 5
75 5
76 4
77 3
78 3
79 3
80 3
81 3
82 3
83 3
84 6
85 3
86 6
87 3
88 2
89 6
90 6
91 6
92 6
93 6
94 3
95 6
96 6
97 6
98 6
99 6
100 6
101 5
102 7
103 7
104 7
105 7
106 7
107 6
108 6
109 5
110 4
111 2
112 8
113 2
114 2
115 2
116 2
117 2
118 5
119 2
120 2
121 8
122 8
123 8
124 8
125 8
126 5
127 8
128 8
129 8
130 8
131 8
132 8
133 8
134 8
135 8
136 8
137 2
